# reg
# file: /home/am/NeuroMat/cte/test_data/folha
# depth: 5
# split: 4
# resamples: 10
    0   0.0000003035
    1   0.0000000006
    2   0.0000378378
    3   0.0002964277
    4   0.0000000408
    5   0.0000000449
    6   0.0000001264
    7   0.5332279380
    8   0.0000100213
    9   0.0027970622
   10   0.0000016872
   11   0.0001569793
   12   0.0251620049
   13   0.0000000288
   14   0.0000005244
   15   0.0072040116
   16   0.3143256191
   17   0.0000000109
   18   1.9992372636
   19   0.8808821331
   20   0.0001554622
